Valeurs
1628.75
1613.63
1606.51
1621.04
1618.16
1610.61
1630.75
1640.17
1635.47
1645.89
1647.84
1638.35
1629.93
1621.49
1624.74
1627.63
1631.99
1621.18
1613.42
1604.95
1605.75
1616.67
1619.29
1620.49
1619.67
1623.07
1613.98
1631.87
1630.37
1633.47
1626.55
1650.43
1650.06
1654.11
1653.6
1501.82
1524.28
1603.65
1622.49
1636.68
1652.1
1645.81
1650.36
1651.55
1649.88
1653.52
1657.51
1649.55
1649.09
1646.41
1638.65
1625.8
1628.64
1632.22
1633.65
1631.17
1635.8
1621.27
1624.7
1616.13
1618.12
1627.8
1625.79
1614.8
1612.8
1605.47
1609.32
1607.48
1607.48
1604.89
1589.12
1582.27
1567.99
1568.16
1569.71
1571.74
1585.41
1570.01
1561.89
1565.18
1570.34
1577
1590.29
1572.72
1572.07
1579.19
1588.73
1586.01
1579.77
1572.58
1568.09
1578.21
1573.94
1582.06
1610.18
1605.16
1623.84
1615.26
1627.08
1626.97
1605.7
1589.7
1589.7
1603.26
1599.75
1590.86
1603.5
1589.86
1587.92
1571.06
1549.81
1549.36
1554.65
1557.52
1555.31
1559.76
1548.44
1543.99
1550.21
1557.03
1551.78
1562.89
1570.28
1559.26
1545.87
1542.77
1542.77
1542.77
1542.77
1564.27
1577.26
1577.26
1577.26
1598.19
1604.05
1604.69
1593.65
1581.68
1599.14
1613.82
1620.45
1629.51
1663.7
1664.09
1669.29
1685.14
1687.07
1680.13
1671.84
1669.52
1686.71
1685.51
1671.01
1683.06
1685.7
1685.66
1678.77
1685.85
1683.71
1686.59
1683.73
1679.14
1685.03
1680.81
1676.17
1688.46
1696.55
1690.24
1711.35
1711.29
1729.86
1716.63
1743.36
1745.17
1746.76
1749.29
1763.86
1762.27
1762.29
1746.77
1753.5
1753.21
1739.88
1723.92
1734.42
1723.13
1732.92
1729.89
1725.74
1730.9
1714.17
1716.2
1719.06
1718.21
1698.84
1714.76
1718.35
1706.69
1723.37
1716.18
1738.78
1737.41
1714.77
1724.24
1733.77
1729.96
1734.46
1744.35
1746.88
1746.88
1746.88
1747.47
1753.1
1745.17
1745.72
1742.92
1731.68
1731.18
1728.09
1728.09
1731.29
1733.82
1745.78
1752.57
1748.13
1750.7
1747.91
1745.79
1735.34
1719.92
1763.59
1766.76
1785.4
1783.56
1804.42
1812.33
1799.51
1792.8
1792.8
1806.36
1798.23
1800.62
1786.19
1791.35
1789.05
1789.05
1784.71
1789.45
1779.74
1786.97
1773.25
1781.62
1773.75
1773.75
1776.34
1770.72
1772.39
1762.55
1764.35
1752.83
1755.98
1754.95
1759.9
1759.84
1776.5
1769.98
1766.98
1752.29
1760.17
1750.32
1731.44
1735.51
1733.84
1730.78
1699.46
1652.71
1654.09
1636.81
1622.81
1613.36
1617.78
1617.18
1637.62
1622.2
1608.49
1605.11
1609.61
1624.94
1618.07
1611.96
1578.95
1561.39
1547.87
1548.63
1560.16
1554.76
1531.87
1526.14
1509.03
1530.03
1484.97
1464.03
1475.11
1516.12
1519.69
1529.97
1516.44
1515.53
1543.89
1534.72
1538.66
1536.71
1523.83
1527.1
1530.2
1601.5
1580.29
1595.09
1579.47
1600.59
1566
1557.01
1542.74
1536.3
1510.66
1481.03
1483.83
1470.09
1484.78
1475.41
1402.34
1421.49
1434.61
1446.32
1437.65
1441.57
1471.64
1453.95
1453.79
1458.02
1479.59
1504.89
1496.54
1511
1528.86
1534.02
1536.6
1508.19
1493.54
1489.68
1482.44
1483.34
1470.57
1484.84
1487.71
1508.63
1515.27
1509.84
1542.28
1541.79
1542.48
1550.27
1550.27
1543.37
1547.84
1523.62
1526.68
1513.42
1523.02
1529.69
1545.12
1546.82
1528.12
1530.65
1526.25
1519.48
1506.65
1504.3
1480.65
1476.7
1478.07
1479.62
1477.55
1472.59
1495.6
1517.45
1520.93
1527.06
1527.06
1527.06
1547.51
1545.82
1538.43
1538.43
1538.43
1538.04
1554.03
1551.17
1538.37
1529.1
1522.26
1533.79
1510.18
1526.91
1555.52
1581.49
1572.61
1572.69
1580.64
1593.35
1571.28
1575.59
1561.78
1572.68
1574.04
1590.33
1584.14
1605.91
1615.98
1643.83
1646.85
1639.12
1642.8
1659.07
1649.64
1674.93
1651.6
1656.35
1670.9
1683.3
1679.41
1658.09
1652.92
1661.96
1680.02
1691.37
1701.46
1690.48
1685.46
1686.15
1702.27
1711.91
1714.48
1708.65
1688.74
1705.05
1700.28
1689.71
1696.38
1686.57
1656.59
1653.2
1666.72
1663.27
1667.26
1675.18
1686.64
1676.84
1670.04
1657.06
1658.36
1667.64
1654.6
1658.13
1658.13
1658.13
1671.54
1674.95
1674.67
1678.65
1687.14
1680.06
1666.49
1680.01
1656.03
1643.53
1636.59
1630.88
1618.6
1626.83
1632
1619.92
1628.88
1617.74
1607.7
1616.45
1613.46
1632.99
1636.02
1632.35
1630.37
1619.26
1606.64
1606.64
1613.98
1608.58
1623.05
1617.18
1633.18
1627.21
1627.21
1625.59
1628.53
1630.56
1638.47
1660.88
1662.28
1679.69
1679.69
1685.85
1686.44
1684.57
1689.93
1681.47
1687.14
1697.26
1698.33
1690.96
1692.16
1699.52
1712.33
1703.05
1700.93
1698.36
1697.39
1694.83
1705.66
1739.48
1798.63
1798.36
1808.74
1806.52
1815.63
1807.12
1829.36
1835.09
1826.45
1821.28
1828.53
1830.61
1859.49
1846.02
1832.2
1823.4
1823.07
1818.1
1857.36
1861.22
1870.8
1878.94
1870.24
1864.51
1894.56
1908.69
1917.69
1903.44
1918.75
1930.29
1937.77
1909.53
1893.48
1907.65
1915.59
1890.58
1909.54
1929.56
1931.88
1923.67
1928.63
1920.43
1911.15
1878.77
1870.32
1870.46
1868.28
1874.38
1869.25
1852.81
1862.62
1884.67
1922.69
1922.05
1899.54
1902.14
1890.18
1914.4
1915.61
1908.97
1910.23
1920.46
1934.99
1973.45
1994.09
1991.95
2015.71
2009.28
2004.11
1999.6
1995.35
2023.26
2032.25
2036.93
2029.87
2048.05
2083.62
2061.18
2048.75
2040.97
2053.66
2064.98
2068.51
2086.4
2086.22
2057.1
2013.65
2007.5
2040.74
2020.11
2021.81
2023.06
2047.2
2070.17
2070.17
2075.99
2072.13
2020.36
2027.99
2036.45
2057.8
2045.25
2052.09
2052.92
2089.77
2099.76
2128.3
2118.01
2127.39
2165.95
2166.58
2165.5
2163.83
2128.07
2129.52
2144.03
2154.76
2188.18
2183.78
2209.17
2227.63
2227.63
2266.7
2236.91
2229.62
2255.29
2255.29
2274.62
2249.85
2233.61
2220.63
2224.95
2225
2228.1
2182.06
2142.37
2151.05
2115.56
2130.35
2132.52
2098.36
2073.94
2107.29
2090.78
2128.66
2123.31
2156.61
2192.6
2181.88
2184.05
2137.08
2143.9
2095.11
2099.57
2116.43
2119.69
2108.77
2101.93
2130.71
2135.25
2162.29
2133.85
2108.06
2113.64
2140.25
2082.9
2075.33
2103.24
2057.2
2018.69
2044.45
2076.76
2132.12
2125.47
2118.01
2124.51
2101.89
2169.4
2178.91
2168.11
2160.45
2140.39
2130.55
2141.7
2162.96
2144.36
2144
2167.72
2162.82
2151.84
2142.88
2142.88
2142.88
2177.09
2184.89
2202.57
2203.18
2224.85
2211.19
2215.19
2198.24
2211.92
2218.37
2193.89
2194.09
2194.41
2218.13
2208.68
2241.36
2256.98
2237.82
2252.51
2266.72
2261.71
2241.85
2249.78
2233.55
2218.77
2241.34
2248.02
2248.02
2257.33
2272.96
2268.11
2254.21
2245.79
2238.97
2238.97
2188.01
2137.56
2146
2112.8
2129.76
2137.34
2113.62
2120.23
2158.88
2163.59
2131.8
2143.93
2131.14
2143.58
2084.42
2088.44
2073.21
2047.29
2031.8
1986.42
1957.08
2004.93
2032.52
2005.07
2000.48
2022.25
2042.45
2020.85
2040.69
2061.7
2034.64
2031.33
2049.1
2047.83
2069.46
2048.57
2051.25
2070.71
2103.54
2116.96
2129.86
2120.97
2126.75
2148.23
2144.21
2163.32
2135.93
2134.12
2152.19
2161.5
2193.63
2190.83
2176.66
2188.81
2182.32
2160.56
2166.51
2156.31
2133.74
2134.34
2152.65
2166.56
2151.44
2143.84
2113.37
2121.25
2132.98
2153.48
2190.58
2215.72
2205.82
2207.09
2185.78
2197.38
2173.6
2158.07
2167.68
2178.1
2155.58
2155.81
2157.15
2118.17
2129.36
2097.45
2100.55
2059.15
2067.17
2072.81
2097.33
2057.83
2056.89
2070.36
2016.08
2002.3
2002.3
1988.67
1946.49
1965.41
1977.67
2048.56
2087.71
2072.68
2108.08
2118.52
2095.58
2069.58
2055.94
2048.15
2016.6
2022.64
1995.85
2009.45
2026.37
2064.86
2061.58
2066.18
2039.91
2061.37
2069.39
2043.3
2056.36
2090.78
2098.04
2073.67
2091.04
2112.21
2112.21
2091.94
2089.48
2097.2
2073.29
2040.05
2058.79
2056.27
2050.82
2036.24
2057.08
2045.54
2042.38
2067.26
2046.99
2044.04
2041.85
2024.19
2003.64
2019.13
2040.94
2054.23
2069.9
2066.59
2080.16
2095.5
2102.25
2100.98
2100.98
2110.77
2097.34
2074.68
2097.51
2079.19
2068.92
2072.9
2051.46
2058.2
2053.41
2062.08
2061.76
2059.68
2064.14
2088.25
2081.39
2085.62
2079.6
2050.86
2013.03
2027.67
2026.97
2040.79
2030.56
2026.68
2024.82
2047.44
2038.46
2077.94
2085.08
2093.01
2087.78
2117.8
2127.56
2118.96
2128.33
2135.49
2112.06
2119.29
2101.98
2101.82
2096.26
2126.44
2117.59
2106.05
2097.85
2127.21
2116.64
2094.16
2069.95
2041.26
2029.38
1989.2
2008.85
1974.14
2022.5
1995.22
2016.15
1979.52
1984.99
1984.15
1978.07
1935.08
1935.87
1928.82
1911.7
1918.85
1949.76
1914.69
1934.96
1965.68
1972.59
1976.52
1978.71
1980.81
1979.26
1991.08
1982.99
1982.99
1982.99
1954.62
1943.88
1955.33
1987.7
1978.97
2007.57
2028.52
2024.25
2017.95
2017.95
2036.47
2037.99
2034.15
2021.22
2030.65
2050.66
2064.41
2086.41
2102.4
2092
2109.36
2088.99
2083.8
2064.42
2096.87
2083.55
2105.88
2105.88
2065.71
2069.26
2081.46
2099.95
2119.24
2132.72
2132.72
2154.17
2136.72
2137.21
2107.16
2127.79
2124.25
2124.84
2130.78
2125.06
2154.13
2140.36
2144.88
2144.88
2144.88
2137.36
2128.99
2091.3
2094.68
2089.04
2099.68
2110.13
2117.63
2111.35
2163.37
2184.39
2194.15
2200.32
2193.72
2191.25
2201.36
2183.71
2195.31
2183.52
2196.54
2232.02
2232.23
2237.73
2239.36
2217.91
2222.51
2211.26
2249.6
2234.86
2236.68
2244.56
2236.89
2222.28
2236.72
2228.44
2208.41
2236.73
2251.64
2253.93
2265.86
2269.6
2258.97
2262.66
2253.91
2257.34
2240.31
2230.27
2251.3
2234.23
2242.76
2263.08
2266.57
2266.37
2263.27
2266.77
2268.26
2266.07
2300.72
2300.29
2305.58
2289.49
2306.66
2294.15
2275.72
2204.44
2212.97
2232.02
2190.9
2184.24
2201.27
2197.01
2197.01
2211.6
2191.54
2176.35
2157.41
2137.01
2153.56
2159.73
2206.11
2193.85
2185.52
2197.57
2176.09
2148.12
2116.86
2114.88
2140.74
2142.74
2112.01
2149.71
2165.76
2182.11
2180.49
2169.69
2168.57
2174.27
2184.05
2182.47
2174.78
2195.15
2197.34
2196.64
2199.29
2196.59
2204.01
2201.9
2194.53
2197.26
2210.92
2247.97
2242.91
2249.75
2254.95
2266.56
2261.08
2269.34
2274.94
2260.62
2277.7
2277.7
2278.64
2283.26
2286.21
2283.84
2240.24
2241.43
2268.07
2268.35
2280.81
2280.81
2280.81
2280.44
2273.9
2260.69
2260.69
2307.7
2326.18
2332.81
2315.66
2336.76
2351.47
2340.31
2330.98
2353.89
2361.38
2379.43
2375.63
2389.62
2400.58
2391.74
2393.12
2436.68
2437.02
2449.71
2437.7
2456.09
2463
2472.53
2459.81
2416.84
2437.98
2442.43
2411.49
2435.07
2428.59
2436.09
2427.77
2426.51
2423.6
2387.6
2373.01
2401.59
2421.93
2449.52
2438.73
2449.09
2486.95
2485.18
2488.85
2486.83
2472.52
2471.38
2479.38
2448.8
2419.72
2415.29
2417
2432.46
2458
2472.55
2484.74
2491.73
2505.32
2479.84
2514.8
2505.78
2523.81
2502.94
2489.35
2500.75
2508.11
2489.52
2498.75
2498.75
2498.75
2510.81
2525.59
2508.12
2526.74
2540.79
2547.32
2519.82
2524.18
2535.86
2549.27
2549.12
2524.84
2538.68
2539.88
2505.97
2492.63
2492.63
2465.49
2472.43
2473.52
2476.79
2466.21
2470.57
2499.02
2496.33
2528.2
2534.4
2534.4
2552.29
2541.98
2564.12
2548.79
2546.55
2549.53
2549.53
2559.15
2548.53
2535.78
2523.81
2543.99
2550.42
2551.03
2559.02
2536.03
2552.96
2571.1
2569.9
2566.13
2544.9
2549.71
2554.12
2546.04
2532.22
2547.78
2562.19
2578.36
2572.06
2551.8
2570.44
2573.44
2565.32
2566.32
2578.74
2568.79
2561.51
2562.24
2573
2561.95
2548.97
2529.5
2475.98
2497.69
2505.56
2498.35
2468.32
2488.82
2459.13
2464.51
2469.51
2472.25
2466.84
2491.5
2504.16
2520.26
2520.52
2527.73
2541.41
2534.63
2532.96
2529.14
2545.65
2544.61
2542.75
2567.96
2556.25
2562.12
2534.44
2559.42
2562.12
2554.42
2563.59
2556.64
2548.84
2534.49
2538.34
2528.73
2526.18
2532.55
2542.74
2549.71
2568.77
2568.7
2588.04
2614.5
2630.24
2626.43
2621.2
2625.46
2641.5
2624.18
2643.42
2663.1
2664.96
2659.86
2655.49
2654.34
2685.29
2685.29
2704.25
2705.21
2702.6
2685.23
2683.52
2692.69
2700.83
2718.73
2705.06
2717.5
2727.56
2733.67
2721.74
2678.89
2681.94
2690.79
2703.33
2675.5
2664.72
2671.4
2670.19
2678.73
2716.16
2735.28
2724.25
2732.29
2730.44
2764
2770.61
2784.39
2800.6
2768.68
2781.54
2766.08
2765.29
2769.47
2800.52
2808.62
2793.86
2829.68
2848.84
2853.46
2900.76
2880.89
2894.43
2832.53
2870.3
2890.95
2836.36
2846.94
2815.77
2841.16
2808.5
2814.23
2824.83
2835.54
2844.09
2844.09
2844.09
2844.09
2859.22
2880.07
2880.07
2880.07
2820.81
2863.26
2890.2
2876.34
2904.08
2936.69
2915.81
2956.78
2978.84
2976.56
2996.12
3006.87
2999.19
3000.66
3026.63
3037.28
2982.63
2992.55
3028.27
2997.95
3018.58
3037.7
3064.7
3067.48
3114.73
3124.78
3161.36
3185.72
3191.45
3211.01
3256.86
3249.17
3260.3
3230.83
3209.04
3197.09
3203.79
3180.63
3233.34
3245.02
3272.58
3261.04
3258.74
3345.09
3375.45
3396.55
3419.51
3426.77
3430.95
3382.4
3367.82
3404.29
3337.11
3289.59
3305.72
3247.03
3288.52
3302.57
3374.93
3439.22
3407.83
3407.83
3407.83
3281.46
3210.94
3212.82
3235.35
3342.77
3328.13
3364.76
3352.58
3319.24
3297.52
3369.26
3347.54
3361.8
3361.2
3328.41
3348.9
3366.87
3396.49
3357.57
3372.96
3425.86
3438.09
3438.09
3491.08
3565.69
3548.52
3537.45
3537.45
3533.21
3593.14
3559.29
3588.57
3564.85
3569.26
3569.26
3516.2
3600.4
3575.44
3621.72
3669.31
3665.43
3626.6
3635.38
3562.73
3596.4
3655.59
3651.59
3684.6
3700.53
3668.61
3671.16
3671.87
3737.16
3752.37
3750.02
3721.18
3730.56
3777.56
3788.54
3748.79
3761.07
3819.52
3820.16
3809.92
3766.89
3834.84
3867.53
3939.73
3946.73
4003.35
4030.1
4026.97
4000.65
4074.3
4142.19
4139.68
4223.69
4203.91
4131.94
4139.96
4297.64
4384.82
4320.52
4368.54
4400.3
4377.7
4458.66
4405.52
4336.98
4302.5
4325.86
4364.25
4428.08
4342.31
4333.15
4377.51
4237.06
4195.53
4077.59
4080.55
4190.45
4251.93
4204.81
4090.14
4076.75
3993.7
3992.03
3897.43
3919.79
4001.81
4127.28
4062.13
4093.43
4073.71
4131.26
4104.57
4028
3890.24
3796.61
3869.53
3995.69
3970.44
4004.04
3983.06
4096.85
4091.77
4150.95
4104.93
4135.09
4116.52
4154.89
4262.98
4266.17
4266.17
4326.35
4311.13
4267.4
4179.92
4164.62
4225.27
4215.23
4168.62
4149.92
4049.16
4069.25
4172.47
4124.86
3976.38
3981.44
3871.39
3645.69
3806.66
3748.88
3753.66
3847.73
3784.8
3841.39
3813.88
3715.38
3728.37
3734.79
3697.48
3701.94
3676.65
3816.71
3844.14
3876.9
3931.81
3941.91
3832.1
3850.14
3926.93
3961.97
3972.08
4125.92
4096.4
4074.55
4159.72
4191.81
4208.14
4187.13
4116.7
4016.7
4061.91
4029.08
4150.31
4154.57
4162.92
4055.35
4125.54
4132.79
4132.79
4132.79
4132.79
4266.02
4224.3
4224.3
4224.3
4364.32
4416.95
4360.05
4339.98
4293.64
4237.75
4134.64
4150.01
4145.41
4140.22
4216.24
4290.05
4310.83
4250.47
4238.77
4222.16
4266.34
4316.05
4385.29
4444.53
4442.53
4529.88
4529.18
4509.25
4494.72
4536.91
4519.56
4558.62
4552.46
4509.37
4522.42
4535.56
4627.42
4611.66
4581.08
4583.03
4610.66
4604.55
4704.58
4695.78
4693.86
4781.62
4759.62
4690.52
4676.42
4762.71
4828.89
4852.22
4862.41
4838.67
4872.24
4905.59
4945.91
4908.55
4949.91
5045.16
5014.13
5064.35
5114.13
5029
5066.9
5069.89
5097.25
5135.35
5179.04
5254.32
5345.89
5309.67
5267.35
5312.25
5312.25
5312.25
5367.98
5359.24
5292.97
5326.63
5407.93
5373.8
5312.28
5262.57
5144.42
5002.71
5110.88
5083.8
5241.23
5241.23
5337.75
5226.2
5264.62
5164.89
5270.61
5348.75
5307.82
5371.99
5374.11
5414.31
5343.66
5441
5514.51
5514.51
5530.19
5592.46
5639.89
5466.88
5507.36
5556.99
5556.99
5583.83
5640.42
5605.38
5724.75
5787.05
5773.77
5799.22
5799.22
5631.34
5581.24
5621.71
5742.83
5689.89
5644.22
5648.11
5748.34
5784.4
5886.72
5870.49
5933.73
5841.83
5910.51
5905.15
5961.45
5942.06
5975.88
6018.89
6000.84
6001.24
6023.31
6101.9
6106.1
6108
6162.86
6186.09