"y"
-1.92890194924641
5.95392585313533
0.441064705712444
1.33980946235626
-4.81588859842792
2.95089775672487
4.46584221963167
6.84879114476805
-0.883549914763772
3.31339537494926
0.0707849126354807
-1.7108504914439
3.00008647353587
2.66657049267402
6.25734223207704
-1.1764222039815
0.377190747851601
19.0337561539232
6.16993290299985
8.65944861022001
9.2353160843315
4.37402236736112
13.5578692711237
14.0743664872319
13.0739117862517
16.2477782682181
20.4364739762485
20.3654756205726
20.5155766182258
21.0374485065916
28.8882177363497
39.1470468751348
40.0740377799777
44.8325554735441
44.1865521161136
51.0511505783042
58.8669537993712
55.200387006031
57.3774345415142
63.129401718583
67.2703856653145
74.7112485315198
86.9525555224874
85.9293738903489
94.6343416140446
93.1899911636513
106.859611260815
115.265274924902
116.177943217663
123.300061278476