"Naissances"
295
286
300
278
272
268
308
321
313
308
291
296
294
273
300
271
282
285
318
323
313
311
291
293
297
273
294
259
276
294
316
325
315
312
292
301
304
282
313
296
313
307
328
334
329
329
304
312
312
300
317
292
300
311
345
350
344
336
315
323
322
296
315
287
307
321
354
356
348
334
320
340
332
302
324
305
318
329
359
363
359
352
335
342
329
306
332
309
326
325
354
367
362
354
337
345
339
325
345
309
315
334
370
383
375
370
344
355