"Sales"
38.71346802794
35.74931099328
39.76837720728
32.41875082988
37.50286329896
31.47398276631
35.6250908197
33.15921046544
34.30566306692
33.63057442636
32.89971004224
34.42615848848
33.77748142166
34.84868194134
30.98625132632
33.32109438412
34.00267617022
35.41716095152
33.82205946832
32.72319820094
34.925046738
33.4596455192
30.99886921016
31.28616466292
35.03033791388
34.259509149
35.00099868692
36.0402117668
36.0562221658
31.39749080146
32.18701627352
30.32183326056
34.58843170382
38.87864327736
37.16595358266
37.11135364516
39.02115680904
40.73718718808
42.35834945286
51.91408072312
35.40396239756
30.55471352746
30.42091280146
30.97232185042
